
% order = [H; U; S; K; I; E]
arr = [ 2, -4, 6, 1, 1, -6;
    1, -8, 6, 6, 5, 3;
    -1, -5, -5, -4, 1, 1;
    -5, 5, -4, -1, 3, 8;
    -5, -2, 0, -2, 11, 2;
    0, -6, 6, 12, 2, 0];

xVec = [13; 22; -11; 13; 6; 3];


ans = arr\xVec


